8495
2382
7432
8870
6535
9508
9879
2691
7162
5849
7599
5590
6411
20
5423
1637
912
8522
1443
7765
2829
5172
8593
7302
3049
2954
2188
5634
4400
4299
9513
2311
9052
7995
847
7015
1012
7514
3275
5701
6143
1650
9648
5038
7975
6682
3238
5533
8408
6821
5813
8168
4606
8298
1334
9363
2131
192
8947
4961
8749
2283
2797
8041
8099
6260
1723
4733
985
2968
3066
3137
9726
7398
7229
4757
9343
9772
1290
8515
4608
3823
4424
1695
9738
5192
2257
8737
5770
8392
3991
2196
8221
7320
146
4747
2601
5031
781
2682
4691
9004
1051
783
6573
9018
6351
4376
8441
9969
9244
2187
4333
5742
6552
2817
8307
6117
2027
3291
6790
1726
6911
7071
7085
5429
6829
7497
4437
1473
1548
3276
8985
1508
1752
5136
8854
2611
8061
5292
7665
8577
3042
3392
7560
8968
7195
4990
7793
9628
9356
9274
3917
9689
4382
6188
5986
4921
7777
977
9827
7938
8203
34
2809
9972
2397
1394
655
3045
9819
8324
763
6287
3656
7595
1098
1653
327
5937
472
397
8491
3439
1199
501
5959
4761
4723
6480
5665
7208
9173
6088
1047
3862
4851
8108
3415
548
3652
8444
6413
1762
9761
82
7652
6433
3224
6929
6249
4293
5991
8100
8304
2500
6874
5283
6051
7623
8697
7511
9574
9109
95
4797
8513
2064
3438
2560
1989
571
7968
7365
4529
8956
2058
7790
2692
9710
2249
1370
9990
3459
4068
3338
8978
4449
1398
1189
689
385
2505
1917
2118
6018
1188
7773
4373
7309
3253
3911
6615
2210
9791
2602
4782
6166
5282
9395
3703
857
1450
9474
721
6678
8680
8999
5029
7254
1671
6280
7602
861
8600
1108
5948
132
5855
1462
5002
2339
1011
7610
8338
6499
8056
4911
4471
5875
6527
7116
2529
5954
9737
5134
7899
1001
3790
8601
9000
6712
7204
1395
9373
6569
36
9494
8030
4878
675
1578
2095
7716
130
9783
1806
5323
6276
7155
1110
3413
5380
4585
9186
1472
1219
5112
9794
4206
588
752
9104
2028
6001
4646
1859
9953
3965
6568
1379
8972
9322
2920
4116
964
6825
4728
1596
4716
9624
9027
1475
3664
6107
2726
1458
2050
9243
7384
2
9092
9060
7008
2713
7054
6886
1336
6028
5343
2887
4261
2803
6878
1233
6306
1812
1753
9315
9035
8784
6275
6021
6493
7718
7281
1222
196
6795
7580
3964
5092
5099
5477
2878
7330
970
7087
7294
4992
5678
5930
2314
221
5872
5743
5331
3970
3492
7517
3069
9411
2549
2989
8764
924
2877
2113
7326
8998
7937
410
8869
8864
3032
6647
2749
6216
2061
3423
3403
7126
9918
4165
6102
1063
1959
1524
6772
1484
8187
5529
7361
2947
7138
6814
3050
2507
2942
5792
3867
4548
1697
3282
3589
4274
3487
1288
4881
71
3062
7734
2773
5674
3674
6666
2966
4167
3181
8267
4562
4099
2269
9621
2494
2386
6506
4913
5084
5157
204
8824
4988
2190
1583
6132
4695
4409
8504
7669
2073
2277
6054
2404
9878
2232
7838
769
479
7728
5578
6284
6072
6990
7343
3972
7375
6352
6189
1811
7557
2891
3896
5388
8045
8902
2976
6386
3036
2758
4873
2398
3028
6245
8781
613
4077
3425
3853
4398
3910
6659
4896
9242
6616
4205
6957
3859
403
2139
8681
2013
6360
6695
2424
1224
3483
9031
3072
9838
1062
6786
6843
682
9832
1756
2756
3959
4207
5063
2041
2234
1800
1526
7775
5073
8891
851
699
4271
821
6560
8006
1392
2900
8103
1559
5263
8503
1175
4808
6232
9427
9059
1664
8587
1602
7197
9495
5519
2054
6755
9046
3820
1280
9584
3818
9622
7476
7689
9962
4224
3736
4810
4714
8954
7524
2254
318
8913
5535
8477
9580
5936
7479
7651
6138
5406
4422
6778
3974
9481
5217
64
5168
9855
3051
9655
8428
4196
4421
9132
3038
5775
2651
9399
5648
1299
6340
1138
6597
1605
4829
9264
7864
6660
2430
9928
9023
4178
1512
6033
9204
5056
3099
7554
2081
7584
1527
4844
8910
6406
3632
3663
6566
3695
4629
134
1267
8167
7165
9049
3578
3290
1064
1746
8264
8447
3261
746
2915
1953
7614
7573
9321
6277
6160
6131
4581
7525
8266
5419
4947
3775
2085
2927
5100
2919
9519
8656
8630
5145
7534
7538
793
2342
9818
352
384
9530
9598
8034
9662
7910
6116
5583
3023
9937
6420
6014
8995
2603
4756
2340
6756
8035
1934
7873
8374
6463
846
4435
3647
5955
5354
840
3838
1042
708
9802
907
6046
8603
2396
1214
2664
859
465
6444
3718
9230
3226
435
9501
2862
7588
2512
7811
7338
8003
6973
3960
873
7064
6731
5367
6752
6256
9117
9384
7976
477
7906
4578
7396
837
8395
8702
4960
796
7796
5153
4768
7324
8083
7821
4113
2479
9846
3563
7235
8641
3898
7179
5495
8889
4673
8823
4905
6820
9122
2830
7787
1928
9444
9136
7601
1172
1135
6408
5825
8479
3114
4999
376
9920
2132
8423
2216
9716
9446
9665
940
290
2551
4053
8151
4742
4366
1976
5359
5083
4751
6424
248
4593
7264
9066
2297
8976
1935
431
9542
3113
4734
7246
1346
3067
6550
7898
4837
3348
5913
8119
6120
9939
2684
8876
2742
5175
5095
1080
7370
3595
7177
9380
9484
3180
9351
5811
2116
9062
2369
5925
5919
7788
2979
2636
3834
6196
9712
4411
8138
1377
5365
6399
133
5106
1301
722
9277
9848
2201
4588
7337
6191
6457
9910
1804
4876
6027
1369
5945
2599
2198
252
1823
5650
4363
2300
3456
8259
5410
4334
1265
7939
162
7965
7959
1066
7882
3792
9375
507
9641
6891
1375
6004
154
5933
6517
6684
8632
5902
2675
1816
1200
7037
9110
6505
9458
4225
4843
3076
8757
8334
3269
3217
3201
5229
9565
8383
4887
8692
4647
7921
8344
5571
8960
9524
6914
4586
323
2795
2939
7830
7546
3518
4534
4674
5191
1036
5758
4394
3436
3649
2107
4781
8678
2471
2163
2934
2138
918
933
8263
4622
4855
3891
2328
3542
3840
9067
9188
7780
3984
7158
7922
2243
7611
3337
2152
7098
3855
5455
3630
2639
1789
62
2420
2859
6691
6111
5726
3309
2801
6607
4305
5810
2890
6766
7850
1
6363
494
9246
2302
1373
5368
6458
9672
1142
4319
6860
8521
3494
5044
4825
959
7268
2205
3490
5436
6251
1179
4195
3003
8094
9191
2999
1000
8564
7827
5454
7311
4601
2105
3412
6555
8529
4790
5653
3815
9886
3962
2839
5290
5864
2179
4091
5577
7257
5438
3611
8563
8179
7668
5351
7609
882
5525
7369
7239
9225
339
303
7771
5609
3391
5705
176
881
2252
7826
1891
2225
2194
2600
1137
8851
4252
3043
53
9410
1530
9493
4819
7153
9804
7199
2145
3026
9670
153
3808
398
1988
1594
6930
575
9539
9636
7835
2000
992
9999
6492
2857
4064
8294
4902
3454
6265
5486
9111
5251
3803
9821
2723
3325
2268
9142
3371
201
9889
2617
4464
7089
4596
8547
5732
5802
2096
1081
9039
3017
5046
832
7042
8198
1091
3877
3849
8659
1641
7468
6674
1758
8494
6722
5378
3824
3270
2165
468
8270
7981
3876
2463
5181
254
2559
713
8190
3179
876
5420
4218
5981
9174
5012
8297
652
371
1827
5801
3506
1927
3229
4975
3847
741
9279
4327
9755
2367
3058
6109
8964
1951
7420
9115
2635
1017
8184
6793
5598
2681
231
9408
7998
3366
205
9034
3791
5774
1010
5147
3204
7317
2948
9234
6334
408
1016
7971
7950
7807
6954
4410
6315
8413
3340
3513
338
3541
2180
981
4791
4222
7772
739
7285
180
1447
4938
5796
7744
5940
8671
2434
6543
1122
2029
7157
9055
9663
2484
2166
2649
7243
2550
4083
1783
2581
3034
9462
5997
4108
5261
8763
6619
271
2650
1020
6396
2485
7666
9126
2544
8332
6961
9958
4928
858
1337
1164
7724
6353
234
9470
1505
3385
7794
3027
5048
6407
5307
5586
764
4816
8039
7990
6270
269
2765
2728
4555
8654
4428
3313
5245
9206
8548
6904
1262
2462
2532
8904
2504
4051
3502
6788
4141
892
2557
1136
3491
7735
7738
6690
4111
525
3711
8239
6646
2374
1416
1413
4809
1170
5141
3115
4623
8796
8216
375
5334
8653
2530
4486
6307
7948
7848
5522
6211
3326
504
4760
823
8377
5520
968
7418
2921
4286
5720
8224
262
347
758
1838
5710
3553
3784
646
6339
2771
1152
4426
6163
8612
6547
3817
7458
4255
4377
3339
7333
8302
3376
2985
3556
9594
9176
1455
257
7719
8850
7621
5086
9057
7412
9881
3811
9742
1414
9113
8856
3352
6571
3442
7558
1856
9081
9106
9661
8614
4144
5236
5437
677
451
3110
2158
1060
6880
6327
4066
3778
5806
5848
1489
6754
7858
100
4648
2899
9964
8975
7831
6877
9591
5561
7378
8686
4291
4102
1343
1634
6966
1892
8476
9618
3990
1507
4059
3895
7803
2286
4226
2622
8895
8931
6855
5689
3938
9335
957
102
8180
1133
9693
4614
6688
2991
1077
7624
9545
997
2001
9217
9162
987
1782
9684
2710
4368
7415
8905
2047
5658
5324
9419
3285
8462
9330
6986
6536
1226
3256
7592
2848
9778
5016
2378
9103
2708
7500
1887
9571
4174
3958
1231
3465
8262
9033
9133
6150
8256
5896
2960
1089
4904
7642
8336
5597
3887
3394
7033
7996
9445
6826
8439
4985
5199
7710
5472
5889
5253
3730
4722
8176
2616
7523
2669
9503
7553
1068
8636
1572
4475
2841
3638
3773
5618
8021
4846
691
5763
5416
1274
6991
3981
1143
4134
5218
5180
4054
3807
9042
5194
6513
5214
5640
4635
4682
4057
7283
4477
3874
300
2943
4160
8832
3997
5871
3332
818
7284
9713
8752
4912
4357
5188
649
8474
8597
610
5195
5298
7801
7359
702
2978
9045
2950
6158
4032
6242
6149
8072
6466
885
8742
5897
5539
4927
9811
8018
401
6123
5894
9988
7501
7148
6442
1249
9657
3873
874
7077
9257
1564
91
8589
3550
1230
2987
6076
9275
2863
9105
2897
7004
7619
5183
8516
3143
8114
8500
4154
2953
780
1600
369
3961
6780
9096
3520
4146
421
5266
5022
4725
1868
2052
9911
8102
8565
1349
1568
5657
86
6943
7194
4126
5691
7342
3648
7645
1205
4090
7299
5091
9155
2237
230
6909
3793
2775
8349
6523
4871
701
6201
1738
3935
4330
6845
2861
3365
4006
6776
9007
5759
7024
5143
2847
6640
6612
3061
8055
7189
9336
2800
4856
4483
1840
6962
2098
6031
2464
9680
302
2432
171
8683
7798
3753
4432
9703
7255
121
7074
3708
8385
8410
8424
1440
1497
6039
5121
1202
9645
2043
9858
5660
5503
4303
402
7147
9061
4249
8433
8988
7657
9309
932
9121
7267
1460
5256
6537
105
6896
6522
4692
5003
2125
9733
4727
2312
5869
4786
8339
2924
6741
6610
3212
3134
1320
8228
1161
1229
5656
8518
1294
4307
9995
795
3007
1822
2788
1915
7003
8232
353
4385
1847
2757
7590
6805
9812
8886
6802
1630
9451
7223
8604
3171
510
294
3168
8274
8939
4633
2093
2929
986
559
3738
7278
5293
8829
8785
9748
2123
2525
3202
733
1204
4479
2329
9828
5978
5302
51
7839
3210
495
1102
7381
9977
5685
9959
2661
4000
8422
834
6172
2457
5514
8211
8789
4880
4505
1964
2460
6115
8509
7989
5117
1368
1929
8649
5724
4488
3723
4654
2226
3582
9283
5451
5169
3951
4638
9056
4571
1509
7545
8448
7878
3152
2220
9986
2787
166
5800
7697
5714
3231
1895
2718
8790
4510
5244
2748
14
409
9867
8139
5448
6381
5020
4025
1718
2274
4711
7152
8559
4265
8109
1518
1471
5566
6976
9553
7567
1931
2889
9076
8011
9189
3055
978
5777
2973
6253
2070
7489
1325
2278
891
4678
3265
2659
8063
1643
9866
5643
1638
607
9499
5204
8631
6222
1514
7677
971
5920
8724
3831
8687
8966
6238
7250
6186
9202
9332
7240
9357
8912
4092
4752
4918
5473
9466
8519
7543
9653
8980
3999
5489
2769
2036
6599
6127
6524
901
8130
1425
6369
9766
8633
8572
3950
9166
1846
1980
9746
1250
6862
5547
1513
3078
692
1428
9676
9093
6181
3368
1009
3166
9319
2077
4452
1155
9992
1677
5853
5275
7586
4215
2846
6859
2466
8389
41
5211
3745
7232
8064
4096
5670
1241
8247
634
1580
539
3070
3830
9671
6258
9438
3758
1238
6370
6781
855
5542
4710
301
5944
9851
8097
7272
5592
6622
460
8715
4535
5122
3207
5000
3498
3448
6067
6035
4575
5951
5895
1688
1521
8154
9065
4288
9482
2680
9292
3485
5197
3431
6210
7469
6309
3469
3524
9459
3453
5626
5164
101
7279
3799
3198
1760
5111
1581
8951
9729
2146
760
8159
7078
5485
2697
7216
4946
5538
1849
8125
3658
2075
343
9830
9079
5349
1113
8866
3594
7696
246
974
6800
4499
1026
9892
9097
1874
8231
6156
5030
3994
7709
4194
7634
9857
5311
1495
8663
8733
7781
5885
7038
4221
4708
2164
7851
5815
9678
5762
6488
148
3598
7410
1141
3570
4533
6087
4136
6669
8921
5581
4892
1147
9875
3841
3334
7463
3712
7445
2962
2433
7105
8238
2222
2359
6460
8557
9392
919
700
8166
1461
6625
1996
2136
7680
2256
1681
8846
1454
3828
497
3532
8051
7855
9577
1918
3605
1956
5728
9311
7108
545
5826
7485
9603
9782
8576
7009
1426
3945
5713
6833
5942
2363
3668
9823
5482
9815
5962
8076
520
9611
4246
4485
9480
191
275
4010
126
2577
2110
69
5509
3670
1295
4009
5506
7050
9915
1099
3417
2193
1592
8323
1072
2996
996
8393
9701
1277
1043
4132
668
8075
206
5745
1422
349
6434
8193
3013
4589
9201
2760
7905
190
512
1268
8260
9564
8475
138
7876
6931
2353
7751
6289
3819
616
3571
2128
6017
2793
9862
7058
3683
7880
6836
5316
9141
775
8043
3607
1237
6034
2267
599
7932
9371
7181
8328
238
1492
2360
1191
6169
3779
8590
1775
2738
6988
1611
5866
5664
7521
810
2380
7987
2722
4012
7761
7030
5186
1464
8582
9533
8892
1511
8077
35
1994
4567
1177
5723
1248
4569
3460
4359
537
4042
6705
9669
653
5088
4462
7329
2006
6137
6577
4388
215
1103
645
8284
8794
7304
9430
4772
9938
1255
5884
2873
9402
3626
5629
6119
6053
9352
116
5201
5233
6417
9741
6418
8755
2413
1720
1663
1872
7700
9416
4995
6445
4793
9144
6345
9687
9304
6057
662
747
6357
2579
8369
237
522
3176
4969
3627
4058
836
9552
6642
1384
8335
6789
1832
521
6992
1438
6083
3250
7124
1093
1065
8652
4605
7446
5007
8837
5426
1401
4676
7630
1121
6656
2042
6048
4023
7060
9429
750
6870
8714
955
1166
1156
4594
8778
3288
4924
3804
6501
5219
8252
8514
325
4860
647
3724
9567
9247
5310
3080
826
5148
6214
1211
5335
9576
3822
4413
3372
8132
7506
3742
2103
2356
4852
4182
737
8279
9163
315
19
1433
8209
1525
4238
2431
5507
5935
2291
890
8888
2155
3257
1632
4258
6595
6798
7570
5795
7711
3087
9745
883
9997
8078
8536
2200
828
4257
1208
7607
9896
1884
4380
4766
9767
6144
9909
4313
7608
4649
3562
7675
8822
2807
5995
7274
4279
3213
7594
3696
1402
7702
4026
9391
9254
1457
1562
3798
4311
9666
3888
8940
5320
9773
8177
4502
6969
2248
7431
209
9890
4784
3534
3014
8265
2408
9719
4405
4269
4185
9994
6438
1332
6331
2874
8887
4289
1383
2375
2366
8240
7969
2652
711
9809
6796
9129
8419
5554
3706
3615
2584
6321
9293
8948
2488
6663
534
7376
1983
9196
9605
5024
2099
5041
7974
2885
3390
8860
595
2344
2292
8835
1350
1261
5234
4615
3446
8890
6743
1858
740
2102
3789
7983
218
1871
3106
1056
9556
9943
7966
2648
3885
30
678
4430
2053
5842
79
1734
7813
9090
7625
414
9241
7111
4406
470
98
6849
2182
4579
4889
6985
8958
5557
9366
4417
2130
7230
1154
114
9140
5785
9476
8782
6128
8499
546
7084
6977
6155
2883
4098
7589
5125
8400
6713
3131
967
6611
4743
4082
6170
6483
8512
2441
341
7029
852
4968
5683
2940
3091
3104
3583
379
274
2319
8676
2308
3912
8403
5308
4163
3660
9696
5667
3471
405
2005
4842
8290
1075
5645
6927
456
1857
4383
2184
4669
8983
4527
5727
8797
6487
4859
962
4872
2786
9654
3787
1975
3024
1031
1360
1084
4161
8769
4130
1034
3297
9240
8606
2741
8774
6683
9063
1057
3047
3661
2730
7143
1733
2548
8962
3328
2982
7958
6394
2509
707
9914
3923
319
6699
5965
8409
5686
6294
1453
6633
938
6318
1190
3741
6944
5816
8825
426
8244
2970
265
4925
1504
6963
5888
7789
831
5996
5327
1005
3957
8305
3215
9467
6525
8685
9475
2673
3687
7453
1855
8249
2542
6108
615
8842
3714
870
1802
3105
25
6575
23
8277
5550
2293
4236
4818
3124
1182
4003
5187
7430
7800
7962
6649
5304
3199
9153
3616
5466
854
8807
8292
4953
1212
2469
8023
1786
85
9127
4392
659
2660
7290
4347
4402
5284
2719
3653
5209
5744
4966
7691
3918
9085
1553
2815
1926
4298
7151
7436
7471
8399
4618
8000
2454
471
6308
811
3126
2421
4122
8815
2218
9578
4495
1893
2641
928
6392
5838
9008
2282
7428
7891
7823
680
9487
4561
3692
6579
483
8732
4076
3523
1498
7164
2071
6925
9041
4813
635
9753
9231
7997
5750
2570
4677
3590
1768
1606
5567
5415
6243
602
4434
1257
4015
8425
4875
8897
6542
8967
5669
8067
6208
860
9326
6194
6304
1490
92
5297
3735
7051
3335
7828
9581
9700
637
2733
9698
6452
6567
2888
6092
5793
7252
2516
6008
3694
1476
4787
1328
1985
7736
7036
357
3155
3296
6090
9295
643
2003
2287
453
7832
9860
4490
9505
9414
9143
2678
5247
8031
6767
4655
1906
2250
4597
4632
7808
9558
8472
6229
9361
6504
5096
5707
1245
8798
4321
8427
6895
5564
4133
7163
5362
2352
6165
7221
170
9450
8300
8257
1875
9502
459
4253
8616
7102
8726
7028
4115
4686
239
6770
6236
5642
11
2534
422
5026
875
1945
7363
5019
7552
6174
9388
6672
7632
7423
1848
2994
4245
1544
2794
3875
8847
4275
44
6096
7305
4582
544
3000
9025
7358
1801
3254
5511
3568
7795
9751
5374
6365
5791
1907
1285
4863
9942
351
9980
9940
8863
2930
7833
5067
9723
1123
4512
9431
6009
5014
3837
966
3596
5433
690
889
4039
3298
4474
3725
3517
306
7577
2819
8695
6648
6078
4713
6876
5017
4375
5595
9134
1359
5235
6532
963
8084
370
4070
9233
2444
9774
8730
1087
5552
1957
107
911
9306
3567
473
1665
5797
83
5903
7815
8651
5114
7093
5493
9916
3470
5620
1817
8496
3221
4129
3737
3178
9157
1788
5242
8431
7649
5924
5288
8196
1326
8693
5131
7334
9151
6268
6580
9583
9768
3845
1914
5232
1382
1556
7123
8200
3388
1582
9527
1867
6393
4508
2833
8354
1319
3382
8352
8390
3188
632
6286
5
2690
6472
4959
2665
395
2679
1769
3426
3810
8128
1510
3122
6519
2260
3924
6913
9781
7256
1587
8330
6200
9168
7809
5765
1145
5879
6474
864
1491
2855
8281
6906
5347
9428
2663
893
6414
8880
3846
1388
2456
2587
9674
5027
6629
9028
2459
9310
8314
639
1159
6106
8661
950
3842
1270
1744
1303
2698
7660
3795
3396
5746
1968
9560
6947
1550
5484
3701
3243
7478
2084
8974
9259
8464
1029
6303
390
6734
5375
7451
9894
9345
5049
4034
1735
7390
8299
1054
4612
2598
6431
5761
8920
3901
8004
1007
1286
3177
726
6066
8588
622
7043
9904
1841
9996
2364
5961
1008
6062
6332
7544
922
8048
8973
6263
4021
6763
3311
778
2407
7539
5603
277
135
8884
142
5908
7142
2016
8584
1322
22
322
4603
5505
4974
594
4665
6372
3249
4087
7406
4861
3001
6641
1778
76
1287
8208
6807
1165
1480
3698
7218
5174
3956
2592
9296
2124
2608
8380
1173
1374
6785
6528
4584
7288
817
7437
6038
2843
7820
2552
3341
7053
3559
1275
1784
5636
9013
2189
7684
3054
8602
5938
549
6152
2955
8989
1312
6529
4803
9681
2142
8682
418
7960
490
8092
2984
9638
6918
4570
3364
2802
9945
5591
849
8867
8953
9101
626
1015
3083
9124
54
944
4530
6316
9788
625
5259
3522
2555
2574
9974
9215
2626
7196
276
6670
4204
2716
4789
3722
415
4984
2524
2764
8594
3481
3316
9532
2447
5587
3633
2427
7414
1842
6085
1278
9302
3031
1861
2824
8969
9424
8202
3440
5501
3167
6978
4522
4867
3978
6608
1703
9720
7130
529
3322
9609
7536
3507
6604
1207
4509
7903
6405
9214
5360
3579
1523
8668
3879
2040
1962
4280
9849
4500
5753
4971
4219
1264
2112
4331
4627
2496
8490
7763
6812
3774
396
335
6154
3
5677
9164
8071
5551
6945
243
6920
5487
728
3565
7103
6556
3489
4641
8963
9212
9506
461
709
2473
6703
9199
7770
6863
9554
3420
8106
4282
4903
1899
2871
904
5105
703
2266
7185
9593
7556
3262
8619
4436
5980
3107
220
436
7578
3515
4137
9730
2025
5385
3484
6409
7963
1297
172
1881
2547
3747
2219
3079
3512
6395
3750
3878
5123
1765
6773
9504
6199
8949
3622
4145
2558
4800
9342
427
3624
3030
4901
5224
6162
9806
7846
389
8136
9882
5237
1541
5837
3909
5847
1766
7526
4065
6045
6819
1053
5553
7154
3193
5170
8137
8285
9688
1791
2583
7725
6267
988
5144
1651
9612
7861
7648
5226
8926
4600
4933
8911
2499
5280
6725
3768
5350
5715
7531
5939
5890
2751
8272
1714
5173
6500
2452
3539
2384
1701
7597
8511
8492
9148
3771
731
2623
6697
2912
6133
2875
2895
3452
5808
452
364
7273
1640
8327
3041
6748
1100
7291
7754
1427
7407
8777
5631
8359
5601
7569
794
766
6521
5294
7377
3721
9369
1032
1420
6
6508
3816
5155
808
4213
8927
9108
868
4277
9389
9294
2606
9859
4489
185
7510
8883
2572
8788
3418
5336
6902
6335
7205
6161
2946
2783
7132
7346
3321
9874
1713
2701
1023
5313
174
5119
3172
8858
6614
6857
1863
3433
930
4027
5370
4794
3277
9711
7934
751
1793
4544
6383
8762
3555
8480
6589
9521
566
7438
2082
8914
2307
5887
467
2845
5098
6851
1421
2743
4063
3880
5342
1218
145
3762
2126
9647
2109
1344
761
8623
2605
2303
3214
9956
8830
7118
2422
5124
1333
5139
272
9921
1242
1176
9833
1298
516
1201
8894
195
6221
9518
5004
2157
998
9982
4526
1608
3302
7875
2646
8293
46
1750
3192
316
4899
8250
5287
27
6926
9537
3511
1615
6745
3770
1340
6584
5823
4248
7967
1240
6654
1174
1463
1860
1198
3659
4401
9324
332
4103
5303
2645
1772
994
3546
2774
360
84
799
4639
535
4396
4792
1732
249
337
8059
189
3884
1050
9271
5491
833
4128
8705
4487
4074
6551
1540
3416
6118
6510
1810
4697
1909
7389
6231
511
6234
9405
4316
5993
1409
4244
5055
757
4446
4210
877
2017
5066
9936
5527
1729
4451
969
2238
5184
2988
9452
5748
4089
6246
7306
1194
223
5694
4636
1721
2981
8669
2526
5069
2078
5366
6587
7972
2892
3098
9377
3173
3363
226
7841
6981
568
5532
4773
4071
8407
3300
527
7161
4247
7321
9842
6443
381
8478
5203
3971
1824
1281
2537
4465
5182
2997
2092
8207
2346
927
729
5729
1109
1554
8375
6003
7104
1682
5480
4640
6259
8379
2629
6310
1126
4364
3992
4707
7191
5210
6901
1662
1348
9205
3497
3479
1305
99
6840
4679
8811
2816
4384
7062
3149
2147
4778
5138
4002
2553
8739
7721
3195
5051
9177
4926
3906
253
4260
3121
7023
1239
7322
2323
5820
6791
5250
6240
2655
6549
8268
619
7542
4656
2674
8523
5688
914
819
5468
7792
528
279
9423
7867
1415
7045
2030
3763
4895
5110
1115
2732
6679
4367
7056
9372
1648
3764
7776
2211
4080
7310
6630
5059
6729
2285
8935
4095
9775
2088
1390
7480
186
1652
2388
2169
5789
7488
6086
7331
1866
3081
2351
5094
6355
5994
5035
7954
3673
8848
2852
7566
4345
5146
908
8435
3746
905
8611
5835
5045
6470
1467
554
8028
3998
3566
4759
3697
3408
1813
2156
2448
5398
4267
4982
4815
2461
931
6036
5116
5109
9721
7131
8525
822
167
5540
9464
8236
5684
37
3033
9978
1719
2838
517
8717
5918
3531
2763
9030
5749
3882
6996
2492
6702
4621
9515
4694
7574
8735
4186
7236
6586
9829
7340
4262
7555
8706
8878
8936
213
2162
1232
5427
8549
4386
4208
392
5458
3767
8881
5671
1973
618
1157
6664
5434
5239
5252
6668
3118
5061
9082
5441
3128
6881
2956
6359
9456
8609
9301
1519
7676
7909
3500
251
6995
895
7120
7518
8135
5659
3088
7540
433
3979
4496
8743
8404
1779
6719
6938
3902
9606
2958
9947
4949
1033
9979
8258
4516
6724
9683
2686
5289
9512
1740
6853
5969
3940
2467
4212
2789
1531
6861
7505
6565
3761
6341
1078
4583
284
7040
6835
6476
3946
5463
9417
6593
3006
1654
3802
5953
1203
7025
4536
7460
4554
3678
6459
5025
6388
4907
2204
8643
7812
4740
1990
4184
2385
8728
9347
4812
6203
8779
1649
3447
3482
4014
628
7173
3467
110
1430
8182
8144
6264
7298
3776
5227
1444
4944
21
5910
3354
1494
7682
1566
8329
2864
7783
937
9695
7394
3018
7076
7019
606
8220
200
2569
9976
9406
3985
569
5249
365
6479
9784
7774
4977
6932
5622
6071
524
4767
5407
7475
8608
6218
158
1565
9069
8042
4783
657
9588
7213
9489
9970
7344
3666
591
925
9281
5979
3295
2798
261
6342
4339
9048
476
8744
2799
1296
1560
1557
4300
5711
9765
5604
328
5467
9895
7474
6905
6771
4263
175
4821
3084
1120
8414
1254
7203
8844
6706
7756
7391
1829
2472
4473
1920
9435
391
9021
1796
4599
8874
2610
2011
2215
4148
4423
3223
5150
8458
6952
4610
1814
8900
993
3636
7647
1206
4408
2631
9219
2381
7461
7852
9922
9453
7225
9005
1223
4281
3705
7818
1329
7289
7495
6043
5690
6140
5465
2937
3930
7318
1310
1246
9118
7672
9586
3236
1597
991
2931
8312
6063
3569
8833
4284
9803
9227
9498
3592
965
4587
7182
7307
9912
2628
961
6879
150
9228
3323
5286
5167
5166
7854
1389
7049
9934
4356
3825
3740
9630
2685
1679
9433
9094
2925
6271
5585
5276
9931
3359
9887
7421
5478
1737
3057
9507
8718
9001
825
3153
5652
1575
3597
2498
3928
9561
2918
2541
5078
8434
7944
8322
3634
8116
7367
2357
1272
1728
6329
3310
3719
2911
804
1429
147
1367
4609
4048
2644
8928
8388
6261
9418
9631
3216
9872
2913
3039
9331
5562
7853
2418
317
5089
7627
5479
7493
291
2299
4822
7441
9285
488
5383
5481
3234
7912
8086
6223
4732
9987
2614
2902
3312
5319
2007
2804
9170
7210
6900
5929
5447
3068
6013
5747
3472
8809
5998
9434
4996
3715
3169
9349
8634
5755
9220
5740
7073
9616
7952
579
6269
9814
8765
6481
8640
5607
1424
8934
6940
3707
6541
2881
5534
4378
7031
8118
1535
7135
8381
2197
5156
5870
6704
3432
9455
7462
9926
6858
3476
7193
7786
2173
1888
6716
753
313
3266
6061
7705
5721
7212
216
1282
6935
80
6928
6192
6432
6050
5386
5574
7433
7935
1178
8586
8418
7400
8310
4041
2429
3402
3241
6598
7020
3203
2907
9011
8991
564
7957
7080
2419
8946
5064
1903
3148
4840
4241
2851
6590
519
6022
6559
5579
5228
8540
3977
8362
8164
5225
8701
7741
3103
8171
8861
597
161
285
5782
4542
3379
486
1529
6730
7822
4117
2506
7894
9359
1913
8206
1742
7804
771
260
6637
2417
4715
6032
2539
7110
9183
9235
7355
3185
8990
8899
2350
3629
3305
8153
9944
438
7512
6750
5614
8186
6350
359
3545
5070
2453
7314
2545
3378
9312
9161
4770
663
4645
4149
4318
5633
3535
3577
424
9485
1215
6623
4296
941
9002
5593
7125
286
8306
4823
1833
756
6455
8533
1780
5508
2401
266
4735
2272
3139
3967
1283
448
9522
1266
3280
9068
7769
5115
2880
1263
6044
8482
3883
208
8721
841
6964
3344
4667
6456
8052
683
6423
2372
7258
112
3814
7532
7984
4680
1797
1586
7535
9983
4283
4278
8799
3375
5222
4531
3643
6319
5348
2159
6074
7628
8280
9014
8357
7292
5230
9258
55
2117
4688
2263
850
5784
9192
1442
5970
8454
5221
354
5475
2389
6080
8311
4754
58
6338
2784
4834
7159
4573
4719
9868
1437
4399
8350
640
4514
184
8453
7419
2012
3966
706
2141
1845
6827
7496
4930
202
2265
8204
6768
1912
3242
2977
9790
561
4550
163
5326
1313
5330
6865
8174
6412
4390
4699
4681
4242
8158
5891
3601
9473
4798
8301
3752
3330
7911
4964
4463
3727
8552
363
8819
9961
6421
3540
462
4292
5905
5950
2668
538
2974
9376
736
839
9587
8342
3424
4075
5446
1363
6675
6099
2683
4493
9440
1302
3646
5499
3843
8291
5391
9160
1725
3903
8945
3404
2995
9877
2405
6700
9413
430
7109
7000
9123
9717
1836
5824
8010
160
3679
1947
6205
4162
6358
1456
2121
3154
8473
5904
1070
7171
7010
1905
4079
6298
2393
7121
2368
1694
1441
3829
2538
2825
3191
47
1656
2235
2056
3369
738
8319
9229
8736
7245
7748
3693
128
4061
2501
2470
5414
1864
3427
8309
9448
1691
4653
8124
2910
1658
5517
5790
9362
6473
4737
7466
1380
7027
8551
6792
78
7561
9699
7385
3228
694
3864
4617
5158
8089
8229
2904
6379
9604
4031
4869
3101
7692
2199
3094
724
2785
9226
355
1684
9491
8191
3528
8865
8814
9797
6217
4211
3526
773
9905
7999
8157
4541
7477
7399
1667
7986
1452
1124
9968
8436
3386
4769
8481
3478
6898
1883
6834
9702
474
9528
139
6774
3677
5786
3755
7172
4198
1992
6694
4084
7091
9043
6687
4801
3989
7427
8857
7640
1764
7872
6561
9517
8188
9350
258
4466
5794
4870
7395
4650
7707
2777
2706
943
9208
6894
9291
1500
4958
187
1854
289
2231
5034
4315
3004
3473
8713
5390
8660
9562
485
3662
444
1972
1626
1834
9899
8226
9334
8791
9682
3100
3591
7352
8618
2699
88
939
7980
9841
9287
5118
3060
4551
7047
4143
6544
5220
1196
9382
1537
9397
1419
8230
9901
6885
6495
9232
3548
3952
8131
8152
6910
2959
199
1707
9318
4420
8944
5255
1839
3689
3580
4952
8544
440
5966
9213
6134
6052
1584
6967
7842
1946
1306
6292
772
9074
774
1417
6060
3857
6059
75
1736
5223
624
2270
2178
6097
2275
6809
5373
824
2440
7490
1101
7456
8411
2770
1269
604
4595
4259
3163
6136
3939
7837
9398
8087
9715
5649
428
3156
3993
9563
9137
1073
666
3947
3821
7336
4802
3781
2700
70
7791
1496
1622
1481
8276
7943
2860
4989
7889
1852
1339
1153
7052
7571
3343
6237
283
4814
8469
1722
1037
1745
3797
4774
8574
5602
5788
5971
9471
1623
5113
4983
9510
4602
4811
7946
2051
7618
8666
7247
2057
9477
6635
5357
2746
2175
8227
7
2941
6489
8313
9607
6596
8165
140
7964
6235
8677
6077
543
3618
8337
2908
8273
1699
7315
7767
2842
8456
1292
7565
2503
4442
4963
7373
1978
1131
727
2737
8648
6175
7782
4013
2531
3373
8471
2630
6732
3151
9172
4943
673
3356
72
8363
9282
3306
5196
1573
878
13
2414
4138
6494
2562
5854
1759
9479
3897
9238
8112
1669
6958
4543
5208
4038
5273
5699
3123
9714
5262
5619
3146
7190
8005
8903
2437
2894
4393
6831
4397
6972
4187
1862
1129
6317
2779
8091
2338
3361
7699
350
4243
4336
999
980
5097
7806
5344
9387
6693
3988
8598
714
9095
6112
7985
909
8459
1844
9789
3252
2922
5594
4320
5050
2406
2436
5363
696
4322
8253
9807
111
3102
838
5943
9861
7405
9152
1106
7260
942
9422
2827
8169
715
2575
6742
6005
4326
8110
3090
9888
6410
1258
5846
8140
2567
7598
7914
8826
4513
8539
8069
9385
6146
310
5734
742
4231
18
8761
6811
9908
7626
3205
7454
3093
9691
8085
9957
1125
3516
2923
1702
4657
6226
563
2309
5834
3387
7988
1502
7947
2186
77
4140
8877
4736
416
770
8977
8970
2589
3869
2400
2582
4721
4374
5730
4885
5599
235
9520
6718
9167
7549
9490
6665
1710
3429
1774
9599
6293
8957
779
3129
2916
9268
5424
7481
340
6759
9071
212
902
2114
6465
2720
4047
344
1318
5202
5807
1096
2731
8783
6439
5560
7644
762
2365
4709
2333
6288
5822
9154
4934
7507
7760
9627
7862
9668
233
6588
7529
6178
5878
7144
1439
2563
2844
7513
5687
478
1552
2065
137
4865
4110
8554
8090
2826
7616
9787
6576
5882
5270
3474
3097
3267
157
7323
1984
5306
4114
5321
7097
871
9420
3743
7228
3108
9677
5778
6475
1217
8965
2428
2638
3576
8121
6512
6401
1749
2394
7348
9935
5682
4763
8415
136
6173
5621
1885
4183
590
8397
9404
3614
241
7224
9854
6709
1038
5752
1486
3537
7656
4352
540
5496
2185
1014
496
6285
1356
9907
3564
8246
8703
8286
1579
8484
7244
7011
6710
3892
1948
6923
6867
7215
7747
4353
5128
4696
4229
5159
9559
9637
9401
8451
282
1631
4749
712
2917
5700
1279
7444
5462
1435
2561
9728
1897
6105
2527
2476
4626
3358
4874
9635
9250
3301
2808
5142
6639
1085
4273
2174
1181
9300
299
8398
2273
1478
5018
6594
5401
9573
8386
2647
3141
5272
7874
4717
3025
6187
8938
542
3544
5767
814
3850
5931
585
9679
5974
2782
420
6749
6468
3751
759
8756
8394
9270
5880
916
1818
4577
8746
7784
7799
2347
665
2490
7956
6484
947
5606
3019
6602
2772
8173
3848
7209
330
9251
557
3900
1260
2295
9658
9169
8775
4700
447
5460
2449
5257
1387
8133
1781
5964
8722
8287
3035
8780
295
7347
5708
127
6281
463
2151
9178
5409
7128
7434
8145
2213
5949
3651
7075
5900
425
1449
9378
3020
3292
2704
1041
2023
9337
8271
6605
6828
2909
3665
2004
6390
3258
1821
5927
7059
2168
3475
3077
2298
2349
6949
9656
9924
9808
1873
87
7001
1743
1307
3125
177
5679
4072
6994
1150
2087
1659
6206
6939
7293
5616
1324
1965
7065
2450
280
5832
2812
8917
1112
2192
3510
2236
4127
1365
8627
7368
7897
7717
6563
787
9526
7457
1209
7393
1795
8194
617
8234
1193
8096
8412
7350
845
6987
8727
7472
541
1977
3112
1585
3284
5279
5899
7349
2455
2535
8569
3561
4480
7731
7440
603
6971
9779
2111
8882
2253
5369
5990
7122
7659
8561
8696
4370
5504
3142
4453
1271
8879
7920
6141
3022
3926
1105
164
198
4643
7778
820
1503
8050
9107
5135
5999
1071
3832
4914
4698
6233
2245
1902
1599
5693
5198
423
2059
4444
4503
7280
4796
8532
6385
6441
6746
9646
1979
3667
6871
2137
203
4731
2750
7678
2255
2239
2518
4461
9012
4176
4033
1865
1408
9913
1092
7915
4729
6545
5662
9697
2513
6884
9075
2276
8501
6875
7492
1195
8079
7207
3973
4660
2627
1904
8637
1006
4922
8058
6449
3503
2696
7137
4371
505
5886
182
2540
3514
5989
1470
3443
4062
9825
4777
672
16
5958
57
1908
8358
8242
6866
8178
1517
2565
9496
5337
2229
4056
2593
4254
3089
7006
8101
9639
8885
6582
7099
3318
6477
532
948
3980
9549
3401
5781
4101
6899
6040
2896
7072
4037
3772
5356
9200
6056
1316
913
6806
2140
8470
326
5459
3120
9149
697
9601
9685
2149
2521
7386
8841
6583
8485
1445
3504
8665
1111
9602
39
7766
3233
9131
5572
5558
3586
4799
9600
8607
3333
6084
6775
4150
5093
372
5624
2822
693
3969
5108
8729
3086
7671
2080
2571
2223
1405
4104
9263
2522
227
9468
6248
4472
3468
4662
6450
7617
5104
5072
7382
2594
866
9740
8734
9538
605
8994
6185
5040
7277
2183
2831
6892
8872
9449
8378
813
593
5258
9394
348
3639
3728
3588
2656
670
7537
2055
1097
7745
3259
2687
1352
4168
4520
1027
8605
2949
601
8505
9856
5865
2850
5015
3699
768
247
9659
2597
7870
1044
5556
4765
5268
844
9891
1689
1163
3315
1018
1876
117
1889
6209
8007
9346
2358
7184
6089
7639
9150
9644
6922
5449
6779
654
1083
5474
8463
2100
8621
1434
7931
8269
4294
9734
6068
3905
7332
9058
1807
5238
5281
7622
4557
1225
3800
1609
956
1451
2906
6373
2143
1997
7708
9805
5461
633
4560
1826
3987
2712
1672
5856
8466
9843
4439
2810
2576
119
6897
9793
8210
3600
2707
917
4325
8580
6810
8283
9675
8420
93
6624
1021
7605
1777
8088
5500
4295
2129
6844
8647
7214
9125
9320
3538
4302
1114
7174
6139
5549
5917
7450
3650
4067
4124
5858
4456
9465
7945
3319
5278
1338
4179
2074
5430
6837
6497
4580
9432
7755
9883
9927
1598
2048
5103
2689
5471
7186
7069
1825
6374
2876
6454
9754
4702
7636
2438
1761
4017
2936
7413
8538
4689
3756
4491
9236
7714
6723
7371
688
9290
856
6180
6671
5450
96
8457
2068
5814
3921
2662
5317
4806
8639
8315
90
4942
5418
8347
466
9579
869
2725
6378
3625
2986
2451
9822
1923
3680
5843
894
5129
1843
6153
2721
2133
6531
7585
681
9731
3684
8027
9758
15
1676
2306
5771
6400
5783
4651
6375
8806
3871
1035
8690
3162
7238
5623
7698
9786
4552
7392
6714
1949
4131
1785
8396
9390
7785
3053
872
4670
7364
2167
6047
8366
6429
9051
802
3560
2468
2445
7409
3805
2903
9317
6026
8987
8150
7994
6182
1922
4329
113
5267
4166
6965
9469
547
2247
788
6662
10000
3941
4468
3457
4346
8624
8123
8001
9353
7096
3893
4518
4088
3015
6626
7612
8943
8772
4704
5392
6762
3733
8126
5428
2517
9568
4106
407
2709
2957
9834
7694
3866
8107
8535
8812
2480
1698
5907
1119
7356
786
4883
1798
9963
1589
3208
1330
256
5355
3943
8241
3307
990
5476
8438
8147
6715
8255
5439
3466
2144
8416
3303
6426
2392
149
6817
1850
1547
2520
8528
1551
8340
8367
9625
8308
9651
296
8664
6924
8333
9165
3419
9965
2836
236
6942
1890
827
6428
6069
9509
7017
3682
8898
3623
2477
5530
1317
165
7081
4118
9747
8924
5305
6436
2856
6228
2148
4497
6437
2566
2416
404
9949
5957
2390
4234
717
9743
755
1082
6324
7687
3135
309
5829
8201
5764
7528
1639
5967
1619
6919
9749
169
1079
5512
9224
6657
1633
2604
5987
8622
4310
7035
4018
6744
2002
6435
9252
6603
3345
3320
2585
2868
9184
1252
3554
1381
6126
7201
4151
9262
457
6168
1567
1372
4908
2705
2523
393
5381
9844
5960
651
888
3968
8024
2032
1790
5376
7690
4024
3405
5680
9044
232
9497
8810
3463
6912
3558
4328
2399
1404
7896
3263
59
4807
2181
42
8020
9032
2945
9323
5516
3247
4360
3190
3948
3533
8233
982
2228
2423
4864
3982
6983
5836
6313
1335
1558
3175
6692
7866
7727
8766
4788
7516
7802
2533
9400
7868
4022
5389
2694
2736
6000
1830
8583
3393
2543
3127
3954
8849
4915
5932
336
6502
4412
4
3462
6797
1025
7119
31
3197
551
9286
2849
288
1916
7726
8070
6893
8530
3587
3501
7550
6915
7327
7013
676
9626
5817
3996
9617
4950
2324
4675
1987
5285
8134
4547
6371
2288
2475
1515
1921
1130
1542
2854
9511
5497
7519
5976
8371
7083
7149
442
3230
6803
3111
4097
7825
7600
7805
558
1815
8235
2317
4726
1536
4764
2069
124
5396
9159
2963
8406
8372
9800
6250
9374
6677
9917
612
2508
5076
2067
8212
8845
151
9460
5972
6007
5819
5947
499
8346
5584
8760
5338
2828
3196
7883
6262
1391
723
9989
1932
8384
5922
656
3835
6613
9072
3331
1423
9744
3170
2327
7486
4540
7737
5756
6389
3760
5608
2217
4900
374
4020
5779
6244
8225
4200
8955
2134
508
6658
8068
7127
627
4340
3449
2049
1901
6856
219
5841
8555
8183
698
7892
7695
9725
9960
2310
2335
8922
7913
720
926
6758
3052
3927
4175
1757
5874
9147
8429
2755
3702
2643
8579
9946
9692
9836
1739
5706
3863
6461
3613
4897
4019
4785
4152
4100
7951
8214
2487
4666
2693
9370
250
509
6592
5082
4177
2345
7219
5058
9358
8105
9339
4923
6193
2967
5827
6030
4546
2609
4369
3508
1227
2336
1593
6769
1371
6507
4450
7114
2677
3748
2019
5692
7067
9409
6016
2554
2212
5717
378
3355
2379
4085
1982
6419
2066
5054
8568
5215
9535
5983
8524
8613
1604
380
5325
5733
9421
4758
2493
4997
2776
3200
1618
3963
2271
454
5809
2658
5632
8541
3907
264
3145
417
5833
1361
9732
5329
7494
400
9393
7303
6832
7354
9197
562
3551
377
2014
1642
6868
3021
2724
3008
2796
2371
5892
3881
6159
12
3237
8626
155
4287
3480
1607
6422
4418
6980
6029
9903
3029
842
4847
4706
865
2624
2813
4866
7129
9557
8984
7383
7032
8800
2870
3619
1186
7424
8498
5676
9727
1869
8460
8065
4832
3464
1828
9284
7629
5241
2209
3377
1127
7688
7927
8982
5036
6095
5397
1835
716
8770
7706
7740
8573
6098
9575
5787
9610
4192
1571
5934
5400
9893
4107
6305
8625
5008
3609
3493
6815
9796
8040
6299
514
6804
2632
6075
3635
5766
6572
4987
9348
6348
8896
1601
6073
743
8787
2556
8489
3922
7379
3932
9261
9006
1516
9771
9396
5052
2514
5137
3780
5668
17
1924
6100
8570
1049
9298
6471
6113
1067
2633
8773
2642
4239
1696
7491
903
6998
3046
1378
9080
222
7242
8908
9216
805
8531
9623
4338
1187
4730
8199
4001
5127
3552
4407
1808
4827
9253
4685
8827
8066
5563
4690
3183
2615
4169
1880
5189
7403
2761
2301
7448
9550
1291
2884
7464
9492
6782
3602
7417
8243
3606
7615
4738
6337
8599
3729
1304
331
8753
6740
809
6380
3074
74
429
5921
816
565
5545
4824
4476
6387
3675
4817
8930
8575
8546
5803
7227
1090
4482
1690
7508
3691
7686
419
1747
6398
6558
9548
8537
6367
560
8655
4553
2495
2227
975
3710
4153
9876
4820
6010
4214
2964
1160
2246
5075
1620
6653
1882
8197
4559
785
109
7847
5641
7287
5399
3399
4661
4276
7742
8996
2893
4069
5712
1569
8675
7411
1853
1482
3140
3812
9966
5757
642
7604
6799
7606
5453
6632
1469
8750
4314
6953
2439
5165
2233
7092
1048
6312
7712
7758
5644
6548
7408
2481
5725
434
1993
6711
8237
6887
1754
6751
4910
6015
5992
4970
1590
6708
4306
921
3796
3621
1168
3351
7824
4771
1970
8672
3713
3037
7979
6257
8355
8343
194
2621
5080
5818
1528
685
6941
9276
1647
5928
9116
9810
4941
1533
3766
1645
586
5737
5751
9053
2657
4718
2022
9020
2867
3641
9367
556
9379
7133
9632
7527
1610
1674
5179
8906
5600
3206
4220
224
5681
2767
4826
7978
735
6023
6320
5340
4086
8993
1019
5630
8452
5859
7681
6364
9288
9971
1046
8032
3937
9880
4308
345
8585
108
2497
3138
5001
4838
1991
2975
7779
3009
8181
6301
7503
6650
464
5988
3934
5510
450
6655
2591
7653
6526
4962
4994
1104
7251
8391
7575
7703
9239
8493
5722
7166
6227
2170
3477
6636
7704
1919
9299
6302
3289
9776
9826
3327
439
4882
7220
2510
8986
7170
7442
9269
5296
6511
3644
7249
3913
6936
5346
7587
9038
6956
1940
4494
7066
6959
4440
5037
526
1952
156
7655
7845
7949
4986
5839
4935
8356
7271
7141
1561
1741
1342
1436
3851
3209
8217
6739
5610
6114
3461
8771
8820
2177
5541
6037
5731
1022
8852
214
181
2334
1692
4750
5028
3860
7856
7353
8700
3704
4395
9120
1446
7836
1002
1748
5445
9098
68
8278
9364
8834
8361
6686
8149
1487
923
3437
7211
8517
803
6490
1347
97
2613
7635
1251
4524
4590
298
6685
2740
6864
8222
4779
8368
1799
8805
7750
979
6183
9260
3786
1040
3929
7814
3916
8704
6273
669
1911
2341
9437
5628
6645
2811
1358
1617
748
3056
2735
9951
5776
9102
4109
211
7070
7426
7581
3073
2778
4301
4448
8261
6447
6562
9015
7357
1776
5536
7991
6838
210
1803
475
4894
7764
6343
9906
5254
4460
3826
6440
1896
9614
2596
661
7638
197
4199
2281
6079
2135
6841
2435
7259
4457
6224
1878
9443
5651
5873
3160
790
2578
7248
4372
7701
5404
9266
8592
8708
4592
3720
3434
9759
5799
1353
9218
122
8831
1253
6538
3353
5923
7641
3732
67
8483
6157
1624
1771
263
9813
2768
8679
792
6617
4955
7362
6761
3995
5345
8156
8907
6145
4052
9158
9596
1727
334
6239
2835
8143
800
4701
3894
6197
3529
7325
983
1591
2240
1967
886
5152
9993
24
3657
4945
2998
8723
5353
7316
1169
7014
3092
9146
5565
4835
7887
6070
7339
3225
3245
3868
8542
2882
749
9047
8979
9010
8808
9752
9307
3573
1351
4574
6354
2670
4780
6377
9590
1459
8795
5206
2703
9381
115
5544
8370
1837
4193
1273
6065
5130
1376
6129
8768
7564
1074
806
7917
7869
481
1192
704
1095
6104
1683
1751
4379
4576
5205
1183
867
6325
4607
9354
6219
312
629
7816
7502
7188
4415
2595
1493
4857
1003
4443
5906
3409
8111
5898
2115
4853
1711
2083
2090
4011
9923
4438
6726
9436
1474
5246
6591
2806
7844
8816
7082
989
6164
2688
7404
482
4507
2935
8567
8245
9597
1995
518
8009
4478
6601
3642
2176
3739
3174
3244
4658
2714
5589
9885
1477
3584
3380
7422
7079
1134
3011
5193
3983
5926
3370
7593
9722
4419
443
1704
641
598
8445
4230
920
906
168
6215
6464
3150
491
9119
609
2515
8802
6142
3430
2101
3317
4906
6467
3575
7579
3450
7982
2202
1393
7888
9314
8013
8025
255
7113
7206
2045
5812
4358
7667
6002
7919
5502
2315
7631
4849
123
8520
8098
2241
3248
6643
1805
7057
5977
4470
7859
6391
3186
5637
8
8360
4454
1158
3283
9333
382
7226
5079
6453
4850
7715
3936
3304
5840
4515
3953
5213
9267
6824
2361
2820
4537
304
4891
8148
4197
6883
4387
7094
5081
3455
89
4078
4190
207
6416
7140
7380
1616
3854
9795
1247
8044
6701
4290
9925
2370
636
1117
2316
6557
6366
7930
1644
3933
9073
2195
1706
8615
4073
6869
9383
6813
1686
9019
9873
8282
5851
4120
9114
1213
1488
6230
6247
7222
3414
4745
120
8839
953
5877
789
1705
976
7429
502
3189
7613
3833
8443
583
1004
6103
4049
7345
7582
8047
449
2823
1576
8875
6241
4981
3367
4893
7263
1148
5537
6101
4598
9764
745
441
4748
5909
4323
6757
2702
1397
8170
4624
1879
2619
3165
4687
8893
9686
9221
9824
5716
8117
7443
188
9139
3287
1603
4030
6999
4272
1485
9256
4189
5013
6627
386
9193
6020
9643
7005
9024
4720
225
6382
3147
2018
9403
4441
7890
1118
5975
9870
533
9705
4948
4634
5006
6950
582
1216
3788
9650
6934
4348
9040
7200
8751
7893
506
458
835
7018
4341
1024
6846
9941
387
7533
896
9629
4125
4044
6717
9798
4804
3836
952
9785
1820
7583
5470
6176
5161
812
7241
7301
4511
4549
5047
4237
5857
777
3130
2465
8195
3806
6676
3184
6041
4848
484
5457
2754
3944
2039
4775
3133
8248
1228
9442
5178
2672
4447
5395
3908
5605
4040
4427
1687
1055
5798
7881
6917
3350
2747
3690
9763
3421
1546
383
1534
5844
4404
6349
782
7746
5358
3255
7313
6207
1341
4172
1628
9190
503
8689
3549
6514
8667
8871
9985
8430
734
7895
94
9360
3726
9029
4304
7262
4164
7402
7547
4877
5011
2588
6225
6823
910
2015
8691
2980
3395
4563
1184
9316
5867
8698
6278
5546
7136
1549
815
3827
1355
8699
2972
5422
915
5042
3136
2482
5300
5883
5120
394
5432
8526
4139
1936
9344
4266
3785
6574
2971
2491
6091
5411
9739
9897
2625
9289
2313
6283
9757
4521
81
6794
6578
8961
3899
1545
5850
600
6808
1399
9084
2926
6042
1933
4684
8461
2727
995
2607
2905
2035
9541
5126
1543
9760
4123
3381
8719
552
3362
9543
7387
8254
1629
1466
9853
6801
6720
9589
4121
9187
829
7021
9439
754
2739
8296
9673
7661
2898
934
7452
7953
4337
2294
1787
9078
5580
1162
3164
3496
8942
6430
5176
9037
270
6462
1666
73
4147
862
6951
6842
7509
1532
7834
7840
5207
9185
570
7269
1767
7233
9613
1894
5248
7473
9690
5521
1448
6533
4156
3603
9582
8716
744
2391
8160
2122
1039
960
6300
791
5043
7068
9523
7970
5523
5408
8720
9837
9900
7942
6638
6689
9087
6764
1539
4312
3890
3486
3686
8937
4556
5881
2791
61
9273
513
6839
8840
5456
4712
5868
4830
1140
3227
8223
1773
8709
6948
65
3071
6346
2387
8710
7234
6290
2671
9570
1625
730
611
2021
6282
9368
9022
2154
2305
8793
5265
5646
9050
7849
2573
2086
8318
3451
8670
3839
6291
9272
631
3182
4414
5663
8161
9500
6266
8628
8731
8959
5548
8932
5617
2938
4008
1410
9649
5435
6019
7498
1708
5821
9954
1670
2261
4954
4501
1563
6830
7973
8596
281
5071
7902
1128
6960
9327
5647
28
5163
3734
2284
1386
9633
4932
5371
5513
9952
5393
8838
3314
6328
3116
7300
8353
5101
1220
9461
1724
1955
2586
1588
6882
1595
8707
9026
3931
9546
1673
49
9483
9708
7926
3211
3645
4342
8155
2853
4159
8674
5654
7341
2834
2373
173
1107
2208
4631
2969
6783
7515
8113
4171
2402
1943
5741
5893
489
10
2715
8189
8442
8450
621
718
1013
9308
5417
4831
4506
9667
6984
3005
7286
1898
550
2992
5444
7455
9179
2486
4920
5638
2258
7146
6333
5524
9709
8320
2928
4916
1309
7026
7016
6198
8591
705
674
1432
9099
6121
8321
5160
3251
6326
6518
2038
4403
2325
4035
6272
267
6916
6049
2037
4332
3444
7237
8185
2034
3336
5963
106
6296
9426
7541
6889
5452
7192
5162
7819
3585
5412
8738
9780
3620
1655
6606
1731
3530
7768
3064
8510
830
8316
1030
3688
9932
5698
2362
6177
9454
3655
9756
6124
8326
6448
1412
576
3308
2872
1621
7928
8506
7693
8465
314
5968
8142
6787
7992
5107
4429
6989
8081
7112
178
1937
7548
1998
6540
8868
9488
7178
3144
8082
7169
9457
523
8402
4862
5243
1069
229
3246
1877
9017
4854
3521
7810
1716
7591
7923
373
4055
4416
9948
5769
4931
2091
8853
2348
7046
9135
8915
1981
6628
7522
3543
437
498
1925
3441
4625
2620
8012
9016
2944
5735
7482
2745
5053
884
8163
9839
620
5780
6888
9652
3801
9463
5492
143
2519
5332
687
9207
6006
9222
2901
7723
7886
1385
3858
9130
2951
5140
4188
287
4250
3856
6148
8992
1407
2805
5661
2224
7739
848
5185
5402
2580
1520
7732
5804
1345
8759
5171
8486
5062
7168
4173
8218
4755
5301
9770
3593
6081
6058
2814
245
8767
8014
725
4081
2993
5828
5364
8909
3410
5339
4029
6213
7757
2279
4381
6135
8074
3581
9664
7090
3398
4940
6498
3525
9620
8325
7439
2781
5328
7885
7160
3574
7643
1499
469
2666
9863
259
7328
3235
9929
1045
8036
3671
7088
1770
9955
7551
6554
4459
936
7759
152
6993
7722
4498
3264
6478
2331
4839
3445
8487
8382
8127
5421
9305
4980
361
5768
4285
3547
4724
2640
6848
8776
5271
1809
577
3904
954
7308
5216
6403
2821
2063
5315
2425
4297
342
4004
2411
4233
43
1971
3672
972
4693
1076
4251
4776
9514
7470
3239
7879
8556
6361
4170
8417
6171
118
2072
8673
7416
958
8859
5914
3889
7843
4094
9845
3640
6620
515
1300
4937
7857
8288
2251
3428
8646
7002
1730
8560
2207
8638
8688
1116
6765
710
531
5573
2546
159
3920
3976
8901
7366
3085
5442
9248
179
8792
4909
8073
356
9724
1612
7063
193
8997
4043
1958
1954
8817
7749
589
9036
9486
8345
8941
6503
5074
3397
4093
8553
5576
1311
2983
8060
1259
4939
7924
4644
2296
8836
4858
7658
4142
8421
9852
9536
580
8644
6890
8095
7484
7134
1236
8437
6204
1276
7977
6425
7918
863
9255
4663
1693
2961
5023
5372
929
3187
5718
8440
719
2744
4672
5697
7295
2667
5696
9984
5269
8925
2106
5085
8748
2879
1577
7673
4256
3044
2753
5057
7596
5068
4795
9447
5675
5709
6854
9054
5702
1243
7007
9175
8387
7933
1974
3096
7743
4050
8029
9415
6469
5231
2230
5615
9933
898
3794
5915
7117
8205
7603
1314
6997
9145
7145
8162
945
4519
5666
2320
7730
240
8843
7100
2318
6516
8341
9355
8617
2752
305
2355
5772
4343
3286
7504
3777
4668
5377
66
7183
45
2403
217
7101
5613
8172
5982
1999
8694
650
1468
1680
3422
2886
1675
7685
2858
5736
9585
7679
3709
4235
4135
56
1052
308
9847
4309
4993
592
581
1668
6094
8929
445
2790
8046
3159
5200
3218
7156
7674
1086
1234
2637
268
9640
5102
4492
8008
1555
7562
9835
1418
8502
6520
8862
7576
1235
7670
7487
2076
4317
2762
5240
8821
1712
7620
8104
5133
3324
324
6721
9569
9865
4528
2536
5555
6946
8141
5488
664
6553
9919
125
9884
4203
951
4753
899
4119
6777
183
2410
4886
5440
5379
1403
5582
658
2502
9325
1831
5568
1685
9831
9572
5952
2676
1362
5862
1088
7637
7319
3681
6609
7916
6322
3754
695
2214
4741
1966
5490
3612
9750
9412
1792
8053
7435
555
413
660
3342
8446
2474
8019
7520
8786
1465
8497
6968
4630
3783
8295
9975
3082
8251
5333
2383
6618
7374
1819
3048
2837
2759
6903
1061
7167
6955
1661
7929
3274
9547
3861
8855
5588
1256
1167
8115
3158
5309
8645
4836
2280
9566
8317
3400
7335
7297
4209
3955
63
9209
9850
4324
3220
5863
4389
4884
8213
6323
2089
5149
3194
9529
4350
6012
2008
7022
9816
3374
9407
5861
9086
3915
1244
2289
4270
3782
6451
5382
9
9898
7713
5318
2290
1357
8508
9762
8016
1366
5719
9341
5570
3271
8373
3610
4888
6011
5916
7762
8432
9265
4354
9902
3012
6427
5655
7654
984
1146
2376
1930
6082
7360
4705
6311
6736
5299
1483
6202
7563
6336
8662
1059
6673
33
3268
3279
4484
8038
8950
900
5760
879
3557
4216
5941
3628
3637
8049
8365
630
8873
2426
8650
4046
7106
5559
8192
411
3919
3063
5531
9478
7729
4391
667
7961
9540
1094
9555
3519
9472
9592
530
1900
242
9195
8828
1289
6515
9003
3749
596
7817
1636
5704
4936
311
8080
9100
1144
4060
2354
9138
1700
1944
8740
6600
4841
7282
1969
7646
1151
6680
5831
7115
9089
3731
2062
5672
2010
8351
4504
6212
3608
8146
5596
9365
4929
6384
8562
7202
9801
4642
6295
6024
7095
492
406
973
9981
8545
5403
1657
8635
7936
5469
4828
3273
4538
7061
2024
7925
2330
4532
9694
2244
6737
946
3040
2009
7253
3347
6539
3631
278
7904
6491
9998
8401
9083
358
6753
5852
8017
8610
7086
5277
9441
500
6252
3222
6982
8054
7265
9077
614
2612
4007
6404
104
5384
5291
7720
4976
3161
2120
3075
2171
5425
584
4957
5361
8818
1331
368
8467
8405
1538
2031
6970
1755
3844
5005
4545
5901
141
5612
7372
3389
3272
8684
5984
29
8348
9064
3527
801
2443
5946
9112
1627
7662
7829
3357
3813
9280
8971
5464
2446
273
573
5295
1396
228
7270
1570
2634
8550
4431
4637
6760
1646
8813
6314
307
1660
3095
4191
1180
3914
3536
6195
1197
1315
671
8923
8289
3016
9249
7449
6220
5405
2264
5190
1221
887
9660
2206
2409
4664
5518
2412
765
3002
9820
7650
3865
6402
5912
2377
5830
7465
6570
2343
4566
9171
2242
6634
7139
880
7683
7276
6534
5611
346
6585
1132
6933
6530
9182
8578
9070
6055
6190
7425
1354
3407
6652
2191
7877
686
7663
1501
6446
2395
2932
5039
9642
7559
5322
5483
5154
8026
5805
4965
8745
3299
7198
9211
2259
8712
3495
9340
4890
3278
2766
6822
8566
297
843
2127
3119
4268
4564
4240
7900
2020
4744
8534
6347
5738
1938
5498
7275
293
553
7884
1886
4351
6661
7107
8952
3458
9864
3294
3809
9210
4868
3886
9297
6330
1961
2866
9736
5009
52
2590
9303
5260
2653
8741
5627
9525
9871
4105
4998
8754
4919
9156
7752
9707
3617
2442
3942
144
2780
8916
9544
1635
4181
4005
2840
784
4481
3349
7941
6147
7940
6509
5703
5543
8331
9777
7261
5394
6581
2489
3281
644
3599
3411
1941
2564
4652
8543
7633
1709
3260
432
3949
244
1960
40
574
4155
3505
2654
608
5773
6733
4344
8918
6738
4972
5845
807
2044
1763
8658
8022
5314
4917
1963
2695
5695
7150
7039
4845
8376
5033
7175
1950
3406
4445
9245
6631
4425
5860
2792
321
7447
4201
7401
2568
4455
8725
1323
4991
6696
7231
4157
2914
8426
853
3572
2060
2079
3360
7907
679
4683
6907
6496
4762
2734
9930
9615
572
8919
9608
4365
1870
4659
129
1851
4158
7753
8981
4616
7467
4973
3759
8558
5087
103
5528
5443
9634
1942
6167
7397
3010
6344
7860
9237
2483
362
4362
1479
8711
3383
8595
4539
9799
5876
8468
7993
5639
5911
6179
5212
2104
3765
7955
9769
8620
7180
480
7217
6415
6908
648
5387
7041
4355
3157
4619
455
26
1139
2717
5526
9203
4467
7048
9950
4565
5077
7865
2150
4591
4469
2869
446
9194
4016
292
9718
2818
6979
7797
8129
4978
3499
6151
1321
7176
2160
3240
7901
388
8758
1171
9223
8581
5021
5754
5635
9181
2832
9534
4361
6974
6651
8803
7034
6546
2618
797
6937
1058
6975
4525
3975
6644
9595
2153
5431
8507
366
5673
9328
367
3509
3219
6727
6698
798
9198
2119
8120
4264
8122
4879
6681
1717
684
6397
623
6110
732
776
9991
1185
4523
5274
6274
8093
8657
3717
5569
2046
2094
6025
7012
9869
6816
6356
60
5985
9551
1210
4703
4458
7044
4956
2511
3384
6064
1028
767
4746
1411
3065
4223
2415
9386
3109
3769
1293
3744
7187
638
6667
3685
2161
6872
6564
7568
5956
5341
9009
2326
8002
6362
6255
2952
5032
6125
3716
3852
3604
8033
4671
2203
6707
1574
1794
2033
2172
9516
6728
6847
1431
5065
7312
8449
2865
7908
8057
7388
2108
2933
3117
8933
9128
6254
8747
2304
7351
3232
6873
3132
2026
4558
9792
5515
7664
320
5625
4572
8571
2711
2729
3925
4180
6482
1364
8175
4898
5973
4833
6093
1986
9840
333
3654
5575
6368
7863
1308
1400
5151
6852
7733
5090
4349
5739
4628
3346
935
6376
1678
131
9735
3669
1910
8037
6921
3872
7871
9338
2458
1939
5177
8275
8303
8642
9619
9088
4036
9313
7483
949
5010
6818
2337
2528
8629
5352
3435
3329
9180
5060
3488
7459
8364
567
7499
3757
4739
4232
8455
7296
4951
50
4228
6279
4335
1284
897
1327
487
4613
4620
4967
4979
1614
329
6122
2478
8215
9278
3059
2332
6747
2990
493
1406
2321
9967
6486
8488
3986
1506
7572
587
399
9706
2965
412
7266
4045
4112
2097
8804
9091
48
6735
2221
5494
4517
3676
1715
8219
9329
6784
8527
4805
4433
4611
536
4202
5264
3700
8015
6297
7530
1149
2322
6485
9425
38
6621
4604
3870
4217
1613
9973
5312
4227
3293
5413
9531
5132
4568
2262
8801
9817
9704
7055
578
6850
6130
6184
4028
17000
1522
16000
8062
15000
32
11000
12000
13000
14000
18000
-1000000
